Use pop - 2 [loss:2, limit:500, k=10]
____________________________________________________________________
RESULTS AT Epoch 29 (movielens):
Ep.	Loss		Test Loss			HR@5
0	5.1976724	0.8784304119272226	0.35443909153475567
1	0.37488732	0.6053334856784024	0.3599449415003441
2	0.307224	0.6076982788951826	0.383344803854095
3	0.28574866	0.5639408796369332	0.3909153475567791
4	0.26917708	0.5348105443524888	0.3943565037852719
5	0.25955418	0.5295363599966496	0.3977976600137646
6	0.24629396	0.5141422964699172	0.39848589125946315
7	0.23715721	0.4936875951132197	0.4088093599449415
8	0.22914374	0.4969196642882973	0.40467997247075016
9	0.22094543	0.49436997430987467	0.4122505161734343
10	0.2144227	0.48386752049080356	0.41087405368203717
11	0.20988351	0.4746061540417071	0.4101858224363386
12	0.20241648	0.5079563141422935	0.41087405368203717
13	0.19822422	0.4788914117923664	0.41775636613902273
14	0.19433618	0.4733340005093579	0.41431520991052995
15	0.1882297	0.4621790644891575	0.41775636613902273
16	0.18285675	0.4816202617084373	0.41087405368203717
17	0.1768649	0.482679738809918	0.4136269786648314
18	0.1723599	0.473505551994093	0.4088093599449415
19	0.16616845	0.49135521255018216	0.39504473503097043
20	0.15998974	0.4920090060765712	0.38816242257398487
21	0.15551166	0.4777845351970245	0.38816242257398487
22	0.15054245	0.47225992565145186	0.3778389538885065
23	0.1419907	0.5027012419896502	0.3620096352374398
24	0.13464543	0.48464467418517887	0.37439779766001374
25	0.12879477	0.48207862717237293	0.3682037164487268
26	0.122035034	0.5033866176400936	0.3489332415691672
27	0.114896424	0.5536439070107604	0.3103922918100482
28	0.11199176	0.5822853690522216	0.289057123193393
29	0.107451096	0.5811229568008136	0.2876806607019959
____________________________________________________________________

Use pop - 4 [loss:2, limit:500, k=10]
____________________________________________________________________
RESULTS AT Epoch 2 (movielens):
Ep.	Loss		Test Loss			HR@5
0	2.9415562	0.6086226578671113	0.25946317962835513
1	0.4947331	0.6567071350746456	0.22849277357192016
2	0.4734508	0.6223773942864196	0.22298692360633174
____________________________________________________________________
STOP!

Use pop - 2 [loss:2, limit:500, k=300]
____________________________________________________________________
RESULTS AT Epoch 29 (movielens):
Ep.	Loss		Test Loss			HR@5
0	5.3210855	0.7349364100779161	0.46111493461803166
1	0.18435766	0.380535120466251	0.4769442532690984
2	0.124468185	0.4254966262453643	0.4907088781830695
3	0.11790843	0.37112762213537837	0.4975911906400551
4	0.1109283	0.3634587069364433	0.5072264280798349
5	0.109380916	0.36901181772433306	0.5065381968341363
6	0.10473339	0.3486304901468491	0.49965588437715075
7	0.10367731	0.36266843835500834	0.49621472814865797
8	0.100136496	0.3622501713005186	0.4831383344803854
9	0.09969914	0.36179052257534766	0.4893324156916724
10	0.0961483	0.3668014994717965	0.4927735719201652
11	0.0946064	0.3574969467026914	0.49208534067446663
12	0.08972459	0.36763206579391083	0.49208534067446663
13	0.087459795	0.36808867128764605	0.49002064693737096
14	0.08640117	0.37409071244058406	0.5003441156228493
15	0.08413866	0.3699099691129621	0.4927735719201652
16	0.08194509	0.40232009303622096	0.49208534067446663
17	0.078563005	0.39178391071312074	0.4845147969717825
18	0.07790593	0.36955268843598144	0.4893324156916724
19	0.07577861	0.39090275880608244	0.49002064693737096
20	0.075032935	0.39291327830124584	0.4858912594631796
21	0.0743135	0.4024138632355449	0.4748795595320027
22	0.074969724	0.38508187214980455	0.4769442532690984
23	0.0692853	0.4093980606676112	0.47763248451479695
24	0.068701565	0.40131074704386227	0.48864418444597385
25	0.06746458	0.4093129638991404	0.47075017205781144
26	0.06657363	0.40298543304348516	0.46593255333792155
27	0.061035767	0.42382209440750945	0.4796971782518926
28	0.05979931	0.42166602415021787	0.4728148657949071
29	0.055544276	0.418260639303935	0.4686854783207158
____________________________________________________________________

Use pop - 2 [loss:2, limit:500, k=1000]
____________________________________________________________________
RESULTS AT Epoch 29 (movielens):
Ep.	Loss		Test Loss			HR@5
0	6.3792443	0.9460448879499889	0.46249139710942877
1	0.22628236	0.39400346637161865	0.4741913282863042
2	0.11281869	0.4228719896774711	0.48382656572608396
3	0.10287781	0.374423754679043	0.48864418444597385
4	0.09513706	0.3749282455382034	0.4941500344115623
5	0.09381605	0.37371966871128504	0.5003441156228493
6	0.08907303	0.3639462421284777	0.49827942188575364
7	0.08825496	0.37902106258682317	0.4969029593943565
8	0.08491913	0.38344394179485375	0.4865794907088782
9	0.085833386	0.37107372347006534	0.49483826565726086
10	0.08226374	0.38817560799350653	0.4858912594631796
11	0.081472695	0.3744033287770928	0.4879559532002753
12	0.07718451	0.3961749033975503	0.49346180316586374
13	0.07537444	0.39644942141900125	0.4845147969717825
14	0.07440662	0.4105214713390017	0.4927735719201652
15	0.07303095	0.3834223682278766	0.4879559532002753
16	0.07139216	0.43019742925419985	0.4858912594631796
17	0.06774965	0.4190574730672737	0.4755677907777013
18	0.06717242	0.38813552889826786	0.4879559532002753
19	0.06513359	0.4359616867131352	0.4858912594631796
20	0.06473955	0.42382837099542986	0.48520302821748107
21	0.06401534	0.43887026211489133	0.4748795595320027
22	0.06515823	0.42325101652280706	0.47763248451479695
23	0.059384596	0.44986038318599963	0.4741913282863042
24	0.059884198	0.4512368157802115	0.4769442532690984
25	0.059309885	0.4449513891291358	0.4783207157604955
26	0.059802473	0.4477681780162832	0.4679972470750172
27	0.055102758	0.5016673244837176	0.4700619408121129
28	0.056505434	0.48887012659136847	0.48107364074328973
29	0.056038145	0.49049475200151216	0.4741913282863042
____________________________________________________________________


PINTEREST
Use pop - 2 [loss:2, limit:5000, k=300]
____________________________________________________________________
RESULTS AT Epoch 29 (pinterest):
Ep.     Loss            Test Loss                       HR@5
0       6.1986685       0.37245042072335877     0.5788
1       0.18467477      0.17150337085040906     0.6585333333333333
2       0.11546342      0.1661931044148902      0.6682666666666667
3       0.0953981       0.1708934645175313      0.6567333333333333
4       0.08352117      0.18779877615241955     0.6581333333333333
5       0.07496351      0.16352694338181367     0.6636
6       0.067455046     0.13855658807922155     0.6992
7       0.062829725     0.1543661649153568      0.6939333333333333
8       0.058842972     0.13678104026392102     0.7018
9       0.057871405     0.14434123125725115     0.6899333333333333
10      0.0549602       0.16993756916637842     0.6915333333333333
11      0.054593995     0.1329084730722631      0.7119333333333333
12      0.05250417      0.11396414310180893     0.7363333333333333
13      0.051343806     0.14281693728935593     0.7051333333333333
14      0.050232287     0.11858233814987665     0.7287333333333333
15      0.048048433     0.15361770846266298     0.6834666666666667
16      0.0480777       0.12080562988476207     0.7209333333333333
17      0.048138093     0.12336228992911055     0.7254666666666667
18      0.04758064      0.14517687074023608     0.7087333333333333
19      0.045780636     0.1294413934839579      0.6960666666666666
20      0.04665715      0.12427958724188308     0.7202666666666667
21      0.04544873      0.16404965199613944     0.6752666666666667
22      0.045229305     0.13245472277045872     0.7145333333333334
23      0.045107283     0.11952436005333439     0.7428666666666667
24      0.045393996     0.1302807817403227      0.7180666666666666
25      0.044879943     0.12545995263714965     0.7276
26      0.044387713     0.13472831799850488     0.7059333333333333
27      0.04311187      0.14268233515263223     0.6952666666666667
28      0.042750984     0.14197952167003727     0.7037333333333333
29      0.04273097      0.14290827075593796     0.6856
____________________________________________________________________

Use [old loss, limit:5000, lr=0.0001]
____________________________________________________________________
RESULTS AT Epoch 29 (pinterest):
Ep.     Loss            Test Loss                       HR@5
0       1.2082661       0.31272253480851653     0.8036
1       0.28835988      0.3087673437545697      0.7731333333333333
2       0.27739725      0.30317671771546206     0.7644
3       0.26731062      0.29853836630781494     0.7568
4       0.25794458      0.2932831170250972      0.7591333333333333
5       0.24926114      0.2900912795613209      0.7522666666666666
6       0.24219805      0.2871763610824943      0.7422
7       0.23532511      0.2890160060857733      0.7192
8       0.22865179      0.28413945005734764     0.7237333333333333
9       0.2226781       0.28287399392127993     0.7166666666666667
10      0.21634066      0.28268907499263685     0.7063333333333334
11      0.21064326      0.2850233819678426      0.6924666666666667
12      0.2045417       0.2794070811902483      0.7048
13      0.19944471      0.29503203383187454     0.6596666666666666
14      0.19450693      0.2875783754388491      0.674
15      0.18976457      0.2922377205982804      0.6612
16      0.18514052      0.29539034404456616     0.6534666666666666
17      0.18104784      0.2924295820236206      0.655
18      0.1769112       0.29868857620259126     0.6415333333333333
19      0.17343837      0.3031927585557103      0.6194666666666667
20      0.16947734      0.30263236170858143     0.6229333333333333
21      0.1665044       0.3034722764402628      0.6191333333333333
22      0.16309713      0.298797782202065       0.6386
23      0.15996866      0.2997438035642107      0.6344666666666666
24      0.15703242      0.31138310491740706     0.5954
25      0.15454417      0.30190489395558834     0.6224
26      0.15178233      0.3049905370975534      0.6102
27      0.14874378      0.3230671473503113      0.5608666666666666
28      0.14673981      0.329553188422819       0.5515333333333333
29      0.1438563       0.33298286585112413     0.5392
____________________________________________________________________

BASELINE U5000 P2 (old loss lr=0.001)

0       0.6517288       0.29975643034180005     0.7480666666666667
1       0.24867555      0.28883744486570356     0.7466
2       0.21519326      0.2708046065857013      0.6819333333333333
3       0.18617974      0.26733601249555744     0.6607333333333333
4       0.16383989      0.2672240426709255      0.6443333333333333
5       0.1477004       0.2641195935403307      0.6402
6       0.1367279       0.25686925548762085     0.6436
7       0.12769814      0.2730643732900421      0.608
8       0.11991685      0.23257006206164757     0.6584
9       0.11433611      0.24970525717909137     0.638
10      0.10799236      0.2592921713121235      0.6237333333333334
11      0.1029051       0.27148387136012314     0.6013333333333334
12      0.0986658       0.2437422970354557      0.6343333333333333
13      0.09524608      0.2500420782702665      0.6330666666666667
14      0.09224204      0.23170684243167441     0.6396
15      0.08921552      0.23387973081072172     0.6448666666666667
16      0.08580641      0.26749228590553004     0.6035333333333334
17      0.083717436     0.2593495518984894      0.6298666666666667
18      0.08168099      0.24093411323602001     0.6288
19      0.07952063      0.2507966501834492      0.6137333333333334
20      0.07735947      0.25990824269230167     0.6116
21      0.075400256     0.2807164159844319      0.5859333333333333
22      0.07341759      0.23734934583082795     0.6336
23      0.07209057      0.24048279533113043     0.6298
24      0.070407934     0.2459365902900696      0.6314
25      0.06923527      0.22455164531419675     0.6279333333333333
26      0.067792185     0.2718822618554036      0.6021333333333333
27      0.066557646     0.2661894093717138      0.6071333333333333
28      0.065618224     0.2514741450811426      0.6162
29      0.06380997      0.256491649004817       0.6206

Use pop - 2 [loss:2, limit:5000, k=300]

____________________________________________________________________
RESULTS AT Epoch 29 (pinterest):
Ep.     Loss            Test Loss                       HR@5
0       2.207756        0.2397312495579322      0.6237333333333334
1       0.19892608      0.23388501995181044     0.6469333333333334
2       0.1621425       0.24302069970717033     0.6472
3       0.14168797      0.23148604501535494     0.6448
4       0.13137269      0.23703986934944987     0.6429333333333334
5       0.12350261      0.20598196379939715     0.671
6       0.11803135      0.20806340103422602     0.6652
7       0.11445437      0.22917818669130405     0.6328666666666667
8       0.11160785      0.21232192832380534     0.6490666666666667
9       0.11036756      0.20371460960954427     0.6566
10      0.10797192      0.1973939892982443      0.6722
11      0.10753967      0.20419120029831925     0.6497333333333334
12      0.105330676     0.1958688071832061      0.6597333333333333
13      0.10433125      0.19816277774522703     0.6530666666666667
14      0.10359046      0.19624011462579172     0.6404666666666666
15      0.10158948      0.19250785303687057     0.6438666666666667
16      0.10146653      0.19030192947536706     0.6508666666666667
17      0.10095929      0.19870716286127765     0.6332
18      0.10010003      0.19904638081863524     0.6403333333333333
19      0.099002466     0.19447890785435837     0.6318
20      0.09936688      0.19187857254073024     0.6280666666666667
21      0.09798925      0.19550166406606634     0.6166666666666667
22      0.097154625     0.19599582801635065     0.6112666666666666
23      0.09822165      0.19859687009230256     0.6108666666666667
24      0.097209096     0.19731898252765337     0.6047333333333333
25      0.09669813      0.19803763219018777     0.6116
26      0.096386395     0.19827710263083378     0.5978666666666667
27      0.09533147      0.19827985246082147     0.5989333333333333
28      0.09506456      0.19818251086696984     0.6034666666666667
29      0.09466968      0.2012176004362603      0.5904666666666667


