MOVIELENS
=========

LESS
HR@5       0.4893 HR_LOW@5   0.1610 HR_MED@5   0.5086 HR_HIGH@5  0.8176 WEIGHTED_HR@5 0.3291 HITS@5     [ 86 208 417] N_POP@5    [534, 409, 510]

MOST (current)
HR@5       0.4687 HR_LOW@5   0.1667 HR_MED@5   0.4768 HR_HIGH@5  0.7784 WEIGHTED_HR@5 0.3123 HITS@5     [ 89 195 397] N_POP@5    [534, 409, 510]

PINTEREST
=========

LESS
____________________________________________________________________
RESULTS AT Epoch 29 (pinterest):
Ep.		Loss			Test Loss				HR@5		HR_LOW@5	HR_MED@5	HR_HIGH@5
0		29.290997		11.544001622517904		0.5307		0.2405		0.51		0.7442
1		13.629729		6.47025788974762		0.5107		0.2366		0.5025		0.6912
2		7.0303297		3.426389617919922		0.5127		0.2939		0.5149		0.6406
3		3.637829		1.945767777045568		0.412		0.2786		0.4117		0.4931
4		2.0293381		1.1400371205806732		0.5513		0.3817		0.5597		0.6382
5		1.2700536		0.6867057811021805		0.708		0.4962		0.7127		0.8272
6		0.8757272		0.41916814106702804		0.8047		0.6298		0.8184		0.8848
7		0.6701333		0.28341982630888624		0.836		0.6679		0.847		0.9171
8		0.5684875		0.22391616163651148		0.8233		0.6565		0.8296		0.9124
9		0.5193431		0.18943674575785796		0.826		0.6603		0.8371		0.9055
10		0.4878844		0.16569704402983187		0.8367		0.7023		0.8483		0.8963
11		0.46458545		0.1466384208748738		0.8507		0.729		0.8582		0.9101
12		0.44915017		0.13164608781288067		0.8493		0.7176		0.8483		0.9309
13		0.43359435		0.11919162363559008		0.8633		0.7099		0.8706		0.9424
14		0.42265925		0.1144683262159427		0.8487		0.6947		0.8644		0.9124
15		0.41518933		0.10565128717074791		0.8533		0.687		0.8657		0.9309
16		0.40495408		0.10206789166852832		0.8447		0.6489		0.8619		0.9309
17		0.40135017		0.09870697828009725		0.8533		0.7099		0.8632		0.9217
18		0.39956334		0.09702982085943222		0.8533		0.6985		0.8744		0.9078
19		0.39446142		0.09379628544921677		0.8407		0.6679		0.8582		0.9124
20		0.39514157		0.09526083878427744		0.8567		0.7061		0.8769		0.9101
21		0.3939386		0.08922301344883939		0.8507		0.7023		0.8682		0.9078
22		0.39454418		0.09086793258786202		0.84		0.6794		0.8706		0.8802
23		0.39211735		0.09453741507915159		0.8407		0.7061		0.8557		0.894
24		0.39117453		0.094857197644189		0.8607		0.729		0.8806		0.9032
25		0.3920638		0.09072897261008621		0.8647		0.7099		0.8818		0.9263
26		0.39023197		0.09866809894392888		0.8527		0.7366		0.8644		0.9009
27		0.38974902		0.09071505462688705		0.848		0.7061		0.8756		0.8825
28		0.38799983		0.09454736374939482		0.8593		0.7061		0.8843		0.9055
29		0.386404		0.09634200017526746		0.8387		0.687		0.8607		0.8894
____________________________________________________________________
HR@5       0.8387 HR_LOW@5   0.6870 HR_MED@5   0.8607 HR_HIGH@5  0.8894 WEIGHTED_HR@5 0.6494 HITS@5     [180 692 386] N_POP@5    [262, 804, 434]

MOST (current)
____________________________________________________________________
RESULTS AT Epoch 29 (pinterest):
Ep.		Loss			Test Loss				HR@5		HR_LOW@5	HR_MED@5	HR_HIGH@5
0		30.162003		12.414291507720947		0.386		0.2176		0.4229		0.4194
1		10.987989		7.458346235911051		0.4727		0.4008		0.5547		0.3641
2		5.8235083		4.58072501707077		0.508		0.4656		0.5821		0.3963
3		3.4223938		2.8337797074317934		0.5513		0.5267		0.6318		0.4171
4		2.1005166		1.881367936293284		0.582		0.5649		0.6505		0.4654
5		1.4367015		1.3179979041020076		0.6153		0.5802		0.6803		0.5161
6		1.0311601		0.9783702262639999		0.646		0.6107		0.7239		0.523
7		0.7619874		0.7538067651987076		0.6313		0.6565		0.7239		0.4447
8		0.57244414		0.5460773485501608		0.6867		0.6794		0.7624		0.5507
9		0.43013912		0.4374714966615041		0.6733		0.6603		0.7537		0.5323
10		0.32976222		0.3361623220543067		0.706		0.6794		0.7985		0.5507
11		0.26482818		0.27547224243481955		0.7247		0.7366		0.8085		0.5622
12		0.21242025		0.23355454828838507		0.722		0.7099		0.8259		0.5369
13		0.17296675		0.2028495419273774		0.7227		0.7099		0.8221		0.5461
14		0.14430246		0.18518014378348988		0.734		0.7366		0.8371		0.5415
15		0.1325121		0.17302189288288355		0.7367		0.7214		0.842		0.5507
16		0.118838966		0.16571659891059		0.7413		0.7328		0.8557		0.5346
17		0.11227329		0.14166367665181556		0.774		0.7023		0.8632		0.6521
18		0.106522165		0.1509651642727355		0.7547		0.7634		0.8582		0.5576
19		0.09390075		0.14063538565983374		0.78		0.7481		0.8831		0.6083
20		0.09035242		0.1467177499309182		0.7533		0.7557		0.8644		0.5461
21		0.08464807		0.12125914463400841		0.7907		0.7328		0.8794		0.6613
22		0.07706452		0.12218130493164063		0.7973		0.7481		0.8769		0.6797
23		0.076301165		0.12241333697860439		0.7893		0.7443		0.8794		0.6498
24		0.075120755		0.1209980212127169		0.7993		0.7519		0.8881		0.6636
25		0.070953324		0.11691736457931498		0.7927		0.7595		0.8918		0.629
26		0.06999813		0.11678619480195145		0.796		0.729		0.8881		0.6659
27		0.06658904		0.11505879986969134		0.79		0.7405		0.8868		0.6406
28		0.06286798		0.11283931835864981		0.7887		0.7557		0.8657		0.6659
29		0.06644205		0.1160962773617357		0.7827		0.7557		0.8806		0.6175
____________________________________________________________________
HR@5       0.7827 HR_LOW@5   0.7557 HR_MED@5   0.8806 HR_HIGH@5  0.6175 WEIGHTED_HR@5 0.6362 HITS@5     [198 708 268] N_POP@5    [262, 804, 434]